249 335 312 517 387 323 332 624 134 521 617 148 388 135 27 282 290 333 163 86 174 150 611 251 369
570 319 136 291 609 152 283 143 104 419 253 140 265 219 227 428 281 591 180 240 99 123 404 181 422
367 402 153 364 142 284 43 210 5 621 426 483 549 263 529 374 408 509 548 33 391 50 56 550 208
440 505 582 252 188 571 295 220 107 425 3 435 351 4 607 49 216 120 177 484 294 424 259 458 337
61 578 372 427 460 487 209 403 366 492 359 309 331 60 110 273 225 475 267 65 96 205 307 119 277
115 62 600 597 327 479 417 451 345 47 584 191 58 494 533 500 459 247 431 622 175 338 620 556 242
531 507 334 256 271 342 385 31 373 226 159 257 64 230 55 260 35 14 528 416 406 250 85 311 1
412 581 377 482 178 603 272 553 371 20 506 502 217 423 508 539 537 164 357 195 196 198 32 566 82
197 318 368 9 192 503 122 116 457 383 490 67 183 176 462 523 207 98 386 141 269 389 561 92 463
514 328 512 568 559 375 614 467 105 455 437 186 72 111 498 413 53 46 194 362 89 233 232 101 336
316 297 81 575 569 599 102 390 542 525 109 317 478 379 439 214 199 450 223 552 615 245 409 279 229
411 519 445 25 139 560 57 380 34 592 547 401 572 29 469 235 167 274 443 128 117 146 563 602 585
239 468 446 147 613 129 66 8 63 410 68 546 173 320 103 15 393 41 258 185 79 350 538 324 200
580 127 125 343 610 398 23 541 448 464 106 326 244 73 588 285 353 308 306 21 360 598 470 19 160
241 434 75 287 314 452 286 365 576 577 298 248 619 172 243 18 488 474 524 187 90 204 168 381 557
594 131 491 38 489 218 349 189 589 325 44 155 215 497 13 158 165 224 137 201 126 486 574 395 544
400 596 348 16 623 358 415 254 202 51 625 132 376 322 433 465 11 144 10 579 438 7 565 414 567
161 70 221 501 473 255 496 493 2 466 554 527 121 179 302 432 352 45 22 78 54 593 595 511 171
12 485 586 246 339 444 341 384 418 441 481 310 100 453 112 266 156 513 545 169 151 504 618 361 407
6 288 275 237 522 363 303 118 499 37 608 42 526 88 40 270 76 268 26 95 429 530 397 87 330
543 91 299 604 222 30 536 212 93 573 124 535 145 231 394 71 558 555 329 113 449 114 442 313 48
378 476 182 52 84 69 587 515 292 454 304 59 213 296 289 280 83 420 133 238 447 211 405 520 74
354 382 261 612 203 461 583 149 605 321 236 562 532 39 601 344 154 193 28 590 456 399 606 138 262
540 94 534 564 551 392 355 300 157 170 370 80 340 278 471 184 301 130 477 495 396 206 516 293 264
346 421 315 518 276 228 510 480 17 108 436 97 430 356 234 166 305 472 162 190 616 77 347 24 36

505 220 5 316 266 167 432 182 508 605 428 166 328 464 346 24 466 145 11 209 7 385 115 20 10
383 46 152 502 298 235 392 552 264 313 379 503 22 588 440 468 65 465 216 600 208 258 594 45 27
542 79 463 416 376 535 584 353 213 178 104 132 173 17 337 436 529 219 207 397 192 370 405 373 482
485 564 250 171 154 308 403 147 402 347 421 394 581 364 523 69 234 621 259 39 599 299 368 177 189
130 37 68 242 64 73 536 514 275 248 194 323 593 543 444 263 247 9 450 90 361 609 357 133 461
362 237 293 311 592 150 467 300 98 155 225 395 284 256 435 359 423 193 563 390 462 489 137 205 341
360 556 35 253 48 110 528 163 507 255 296 623 33 572 344 447 496 268 567 67 418 95 164 21 273
327 499 52 40 472 243 186 445 524 197 138 76 582 591 343 29 569 221 165 202 238 157 443 478 377
184 622 93 616 480 43 262 125 325 2 488 615 18 158 254 78 31 282 624 404 399 62 312 413 495
589 454 332 545 410 396 389 272 14 160 540 175 477 314 456 438 276 162 47 539 512 226 140 583 494
290 109 533 500 586 310 26 412 620 326 84 322 57 575 520 269 236 228 334 469 289 87 229 169 372
128 580 619 149 424 369 604 233 497 490 63 476 292 195 36 610 486 183 386 16 172 598 349 380 398
30 366 105 203 277 417 244 329 55 358 516 458 196 429 557 217 587 15 114 181 420 453 509 127 498
6 34 117 188 159 12 612 185 513 118 434 400 245 214 123 415 56 534 431 222 278 151 267 23 406
41 304 319 305 570 571 280 25 106 270 579 260 198 54 317 61 83 320 148 53 426 224 295 538 113
562 324 479 519 365 590 407 553 142 547 301 51 81 288 559 146 375 460 187 601 111 190 408 74 525
19 387 13 180 86 537 483 427 66 218 374 285 388 363 8 88 532 283 249 331 511 286 414 384 531
1 606 201 457 143 168 335 141 342 430 530 315 565 89 544 241 551 487 206 126 252 481 603 597 378
135 391 116 42 471 449 32 321 38 240 287 617 566 58 309 470 345 302 614 96 257 546 112 340 153
102 607 44 618 232 419 437 131 382 339 274 452 72 239 577 578 493 170 549 199 91 474 129 611 279
223 200 161 354 120 526 80 59 144 608 595 101 448 303 77 411 251 441 550 174 94 510 119 306 338
541 291 446 97 231 92 521 422 330 139 475 625 108 367 439 517 100 75 371 85 211 573 281 409 3
134 50 602 4 561 103 60 336 230 28 297 124 176 558 401 491 574 307 204 333 121 318 350 212 122
506 596 191 294 527 348 351 49 554 381 425 352 356 518 515 504 442 261 227 70 568 179 459 555 99
265 548 484 355 455 492 451 156 246 82 473 585 613 393 210 136 522 107 560 501 576 433 71 215 271
