46
59
99
118
90
84
75
70
60
82
45
55
80
89
97
115
73
66
110
83
37
28
31
112
72
112
35
42
113
35
39
89
99
37
38
70
74
95
100
115
69
72
70
85
34
30
77
112
55
48
99
109
37
106
21
24
117
87
111
55
105
119
27
27
52
110
63
24
119
81
42
35
45
23
85
56
114
23
116
55
20
34
78
30
106
63
118
37
34
107
65
109
76
38
49
102
69
95
70
20
71
65
88
88
78
88
58
54
56
81
66
89
80
57
50
46
70
83
69
82
61
74
62
78
83
58
77
61
58
80
68
51
79
68
83
76
74
45
76
68
87
51
58
83
51
55
60
53
70
52
85
48
83
85
64
73
89
73
67
63
84
69
57
62
77
47
80
80
55
56
86
64
64
78
55
61
75
59
47
63
86
62
76
73
73
85
83
72
81
60
78
61
79
76
74
80
88
80
64
67
